3169903406987816468
7590020595218454038
5731006531028752464
3590843365385397649
2808703724305686743
5302212764038978651
7826083538843712040
9027519142971630930
5456282121713262645
3204640502432494912
2415441254263156164
8998064194261503216
8834864437760688510
5176253351918519458
5827040114162238280
6298313486682871926
5420885369964400767
9207245386497116107
8339383802324708589
1204890938799515727
1636438679697872071
6006967584922687722
1069971201298384804
8956284963790916150
4798971841508050601
2422087723068101801
6667386874548891328
2182609678192233917
5499436413903993265
6828574268505111582
6172640443747837089
2155104172410961820
4184158226577297021
2823764926673664965
4025623219020763745
989803063747577034
5537342167742262605
7915802147784712270
4562932168197684500
5608388792823397371
7931041169632717057
8557956462869439755
388653021382414352
5532210900094538749
1206391764588688320
7347807485175475482
5994392494436788435
7709123665462196357
2900933487131548341
5008347631644712540
5429092390841101027
257737687173736012
738206396787132249
5634498953742747329
5668826613193524540
701199526508526443
6091910337540952402
2235043914698574422
34833026437414407
7024933981085317525
8458951241623939881
136966595345535526
5464952843772810995
5322713411107205300
2810317600961223421
2667052337394141938
6034873195808375961
3283858392507787488
7355835380891890559
7211210055895346533
4948024116281197202
7018288936073189033
1690472443261722308
5699130254082728272
8806395342083586730
1921867498297053400
6195665902803806186
6155644519566625371
4502364531425156675
6182347884536157937
2443075165539031296
7969817509417180750
648729216289576444
1321224704128924742
8545881323374035198
1915828550927810522
7353356158191264848
4283074341586517372
8108313797252978095
7367577913369617217
5287841169164018660
9118742771770188462
6518737754330820935
1319830982777345071
2249476217263857076
3949688277313170725
8290847689313384891
6658669523812006989
7422607429943581718
1873747188618457274
